361	 56174	 570099
363	 56176	 570099
365	 56178	 570099
1024	 56596	 809745
1026	 56598	 809745
1028	 56000	 809745
1084	 56001	 1321019
1086	 56003	 1321019
1088	 56005	 1321019
1109	 56020	 1441580
1112	 56023	 1441580
1115	 56026	 1441580
1323	 55785	 503854
1325	 56809	 503854
2608	 56994	 937586
2609	 56995	 938941
2631	 58207	 938942
2632	 58208	 938940
2633	 58209	 938941
2634	 58210	 937586
2635	 58211	 938942
2636	 58212	 938940
2637	 58213	 938941
2638	 58214	 937586
2639	 58215	 938942
2640	 58216	 938940
2641	 58217	 938941
2670	 57666	 1377241
2674	 57670	 1377241
2678	 57674	 1377241
2688	 58136	 1377241
2689	 57705	 1377241
3668	 58635	 630302
3671	 59162	 630302
3814	 58136	 1377241
3815	 58663	 1377241
3816	 57674	 1377241
3818	 57666	 1377241
3819	 58665	 1377241
3824	 58663	 1377241
3825	 58578	 1377241
3826	 58667	 1377241
3828	 58665	 1377241
3829	 58580	 1377241
3833	 58582	 1377241
3845	 59067	 1377241
4048	 59304	 630302
4049	 59162	 630302
4054	 59304	 630302
4059	 58860	 630302
4063	 53271	 1037316
4065	 53268	 1037315
4067	 59086	 1037315
4068	 59087	 1037316
4078	 58907	 630302
4156	 58888	 938941
4157	 58889	 937586
4158	 58890	 938940
4159	 58891	 938942
4160	 58892	 938941
4161	 58893	 937586
4162	 58894	 938940
4163	 58895	 938942
4164	 58896	 938941
4536	 58631	 630302
4543	 59324	 630302
4548	 58907	 630302
4550	 59148	 630302
5032	 59621	 1032385
5034	 59623	 1032566
5036	 59625	 1032385
5038	 59627	 1032566
5040	 59629	 1032385
5042	 59631	 1032566
5074	 59009	 1032566
5075	 59010	 1032385
5078	 59013	 1032566
5079	 59014	 1032385
5082	 59017	 1032566
5083	 59018	 1032385
5354	 59534	 1321019
5356	 59536	 1321019
5358	 59538	 1321019
5440	 59547	 938941
5441	 59548	 937586
5442	 59549	 938940
5443	 60150	 938942
5444	 60151	 938941
5445	 60152	 937586
5597	 59804	 938942
5598	 58887	 938942
5599	 59805	 938941
5600	 58891	 938942
5601	 59806	 937586
5602	 58895	 938942
5603	 59807	 938940
5604	 58896	 938941
5605	 59808	 938942
5606	 58888	 938941
5607	 59809	 938941
5608	 58892	 938941
5609	 59810	 937586
5610	 58885	 937586
5611	 59811	 938940
5612	 58889	 937586
5613	 58893	 937586
5614	 59812	 938942
5615	 58886	 938940
5645	 58204	 938942
5646	 59817	 938940
5647	 58202	 937586
5648	 59818	 938942
5649	 58205	 938940
5650	 59819	 938941
5651	 58203	 938941
6323	 55793	 503854
6324	 60324	 503854
6398	 60042	 503854
6399	 60328	 503854
6414	 61201	 503854
6417	 60042	 503854
6547	 54310	 809999
6549	 54308	 809998
6550	 60341	 809998
6552	 60343	 809999
6651	 53275	 1037316
6652	 53272	 1037315
6653	 60470	 1037316
6939	 60493	 503854
6944	 60497	 503854
7370	 59014	 1032385
7371	 60873	 1032566
7373	 60874	 1032385
7494	 61805	 835959
7736	 62113	 1475400
8019	 56174	 570099
8020	 56176	 570099
8409	 63259	 537543
8410	 54787	 537543
8424	 53428	 1400481
8428	 62129	 1400481
8466	 62272	 881803
8468	 62274	 881803
8470	 62276	 881803
8471	 62307	 881803
8472	 62274	 881803
8492	 59043	 1321019
8817	 63611	 905302
8821	 63615	 905302
8826	 63619	 905302
9330	 63714	 505762
9332	 63716	 810274
9334	 63718	 505762
9336	 63720	 810274
9748	 62782	 1012453
9749	 62783	 1013180
9751	 62785	 1012453
9752	 62786	 1013180
9754	 62788	 1012453
9765	 62805	 1483154
9769	 62809	 1483154
10037	 54791	 537543
10038	 54795	 537543
10789	 62749	 635215
10792	 61739	 635215
11621	 64719	 1501527
11625	 64723	 1501527
11629	 64727	 1501527
11822	 66282	 1012453
11824	 66284	 1013180
11825	 66285	 1012453
11827	 66287	 1013180
11828	 66288	 1012453
11830	 66290	 1013180
11831	 66290	 1013180
11832	 65643	 1013180
11833	 66288	 1012453
11834	 65644	 1012453
12090	 67062	 1269238
12094	 67066	 1269238
12098	 67070	 1269238
12487	 67133	 540869
12488	 64196	 540869
13154	 67778	 1382706
13338	 67034	 1501527
14396	 68379	 600146
14398	 70092	 600146
14408	 68808	 600146
14409	 68695	 600146
14603	 71177	 1494691
14606	 71180	 1494691
14609	 71183	 1494691
14857	 71753	 1365526
14861	 71757	 1365526
14865	 71761	 1365526
15370	 72329	 1518743
15374	 72333	 1518743
15378	 72337	 1518743
15380	 72457	 1518743
15520	 65976	 989212
15521	 72645	 989212
15526	 65984	 989212
15533	 72548	 989212
15596	 72863	 1269238
15600	 72867	 1269238
15629	 72769	 1269238
15633	 72773	 1269238
15725	 72952	 1090598
15729	 72956	 1090598
15733	 72960	 1090598
15747	 72687	 1090598
15748	 72960	 1090598
15750	 72956	 1090598
15752	 72952	 1090598
15755	 72691	 1090598
15775	 73028	 1090598
15783	 73032	 1090598
16264	 73404	 1377241
16268	 73408	 1377241
16272	 73412	 1377241
17413	 63611	 905302
17523	 61736	 635215
17526	 74856	 635215
17532	 74739	 635215
17533	 62749	 635215
19213	 62750	 623717
19292	 61781	 538403
19295	 76904	 538403
19317	 71773	 1365526
19318	 71777	 1365526
19319	 71781	 1365526
19686	 78067	 538403
19902	 75984	 737722
19903	 75988	 737722
19904	 75992	 737722
20086	 78363	 1504686
20090	 78367	 1504686
20094	 78371	 1504686
20127	 77277	 1545748
20620	 78808	 1538977
20621	 78809	 1538978
20622	 78810	 846728
20623	 78811	 1538976
20624	 78812	 1538977
20625	 78813	 1538978
20626	 78814	 846728
20627	 78815	 1538976
20628	 78816	 1538977
20629	 78817	 1538978
20630	 78818	 846728
20631	 78819	 1538976
20998	 66284	 1013180
21017	 62755	 623717
21018	 63745	 623717
21019	 75839	 635215
21527	 77835	 1551394
21530	 77838	 1551394
21533	 77841	 1551394
21537	 77843	 1550969
21587	 77847	 1550969
21589	 77951	 1550969
21590	 79380	 1550969
21598	 79380	 1550969
21601	 79132	 1550969
21644	 79403	 1551801
21737	 79522	 1551801
21738	 79403	 1551801
21780	 79608	 1548336
21783	 79611	 1548336
21786	 79614	 1548336
22714	 79389	 1551822
22716	 79388	 1551823
22717	 79391	 1551823
22719	 79386	 1551822
22720	 79385	 1551823
22722	 79383	 1551822
23238	 81371	 806999
23243	 81376	 806999
23326	 80962	 1557284
23328	 80964	 1557284
23330	 80966	 1557284
23388	 80962	 1557284
23391	 81424	 1557284
23474	 81429	 806999
23479	 81371	 806999
23567	 67249	 1484675
23614	 79212	 810274
23653	 79211	 505762
23893	 81376	 806999
23900	 82066	 806999
23908	 81366	 806999
23913	 81436	 806999
24004	 82116	 878953
24005	 82117	 878953
24006	 82118	 878953
24013	 82117	 878953
24666	 82491	 1365526
24667	 82495	 1365526
24668	 82499	 1365526
24782	 82562	 806999
24865	 81966	 1365526
24869	 81970	 1365526
24873	 81974	 1365526
24926	 82020	 1365526
24930	 82024	 1365526
25080	 81829	 1494691
25081	 82290	 1494691
25115	 82720	 788627
25117	 82722	 788627
25119	 82724	 788627
25308	 82920	 1566147
25309	 82921	 1565674
25310	 82922	 1565428
25311	 82923	 1565537
25312	 82924	 1566147
25313	 82920	 1566147
25314	 82870	 1566147
25315	 82919	 1565537
25316	 82871	 1565428
25317	 82918	 1565428
25318	 82917	 1565674
25319	 82872	 1565674
25320	 82873	 1565537
26272	 83786	 810390
26273	 83787	 810293
26375	 84606	 1551822
26376	 83950	 1551823
26377	 84604	 1551823
26379	 83952	 1551822
26386	 83905	 1551822
26387	 84607	 1551823
26390	 84609	 1551822
26391	 83907	 1551823
26514	 83840	 1547847
26515	 83841	 1548716
26516	 83842	 1547847
26517	 83843	 1548716
26518	 83844	 1547847
